var matrix = [[4691, 128510, 166754, 177590, 151182, 160272, 190493, 206516, 214670, 76115, 24383, 62627, 33357, 48681, 43051, 32596, 17764, 13459, 18422, 7094, 12791, 4948, 7445, 13829, 6710, 23050, 15006, 1942, 9111, 3304, 7345, 5538, 3360, 7488, 8573, 4317, 3869, 2832, 5360, 8124, 3098, 402, 1084, 1070, 2168, 1016, 2837, 2741, 881, 1031], [128510, 9020, 168733, 145709, 58245, 32058, 7414, 19816, 5759, 30441, 35112, 27573, 6343, 1417, 2148, 3062, 23748, 13800, 1043, 3846, 1143, 2691, 3507, 326, 1679, 2, 527, 3620, 1121, 551, 114, 2123, 9686, 1497, 223, 1168, 84, 651, 1058, 31, 1626, 90, 520, 31, 901, 780, 158, 100, 242, 639], [166754, 168733, 1850, 74406, 37870, 65350, 32894, 47905, 5857, 19283, 10378, 3952, 3550, 32218, 2055, 15408, 2240, 1088, 3407, 205, 977, 653, 2076, 730, 796, 27, 396, 143, 1052, 755, 112, 171, 177, 546, 115, 716, 694, 94, 666, 48, 1249, 90, 548, 1334, 85, 240, 406, 224, 81, 551], [177590, 145709, 74406, 4107, 69541, 43347, 30785, 14188, 5976, 6969, 15310, 3713, 7203, 524, 8491, 3410, 12666, 8361, 1780, 3947, 2449, 16481, 1645, 1231, 866, 5, 238, 1017, 939, 4361, 622, 2935, 354, 1945, 294, 747, 153, 460, 270, 34, 339, 2939, 679, 26, 212, 367, 329, 138, 73, 782], [151182, 58245, 37870, 69541, 3131, 31393, 29036, 10407, 21369, 56305, 21689, 2598, 3738, 15060, 5676, 5911, 1846, 9853, 2455, 810, 548, 741, 2438, 2042, 1017, 3, 166, 162, 1483, 2175, 153, 1457, 74, 253, 116, 681, 81, 139, 459, 30, 411, 122, 2269, 114, 385, 172, 78, 46, 2817, 203], [160272, 32058, 65350, 43347, 31393, 1047, 13995, 10021, 5450, 3680, 3558, 5234, 2516, 92, 759, 4288, 3458, 439, 7422, 1168, 485, 539, 1056, 385, 1328, 9, 1211, 1384, 813, 3206, 4505, 940, 100, 201, 117, 452, 526, 2305, 17, 29, 178, 1034, 136, 30, 70, 251, 48, 137, 25, 210], [190493, 7414, 32894, 30785, 29036, 13995, 479, 2527, 545, 1930, 2704, 204, 23104, 14, 14508, 3151, 5364, 851, 347, 892, 816, 244, 99, 1232, 25, 307, 296, 10, 791, 17, 160, 46, 110, 475, 252, 97, 60, 133, 70, 94, 845, 68, 138, 16, 22, 169, 607, 230, 9, 165], [206516, 19816, 47905, 14188, 10407, 10021, 2527, 1138, 1696, 4206, 3412, 1130, 1777, 92, 202, 3005, 4556, 218, 726, 902, 311, 269, 1798, 147, 639, 1, 2231, 219, 160, 156, 194, 785, 100, 82, 233, 420, 81, 202, 69, 27, 248, 41, 248, 41, 1437, 130, 142, 33, 20, 284], [214670, 5759, 5857, 5976, 21369, 5450, 545, 1696, 548, 879, 4366, 1123, 536, 18, 1653, 604, 546, 708, 215, 21, 92, 61, 27, 476, 39, 3, 275, 56, 17, 706, 1437, 26, 133, 14, 85, 251, 2129, 130, 9, 57, 32, 276, 15, 9, 9, 157, 30, 11, 12, 11], [76115, 30441, 19283, 6969, 56305, 3680, 1930, 4206, 879, 1315, 3675, 614, 502, 100, 394, 600, 1236, 755, 1419, 434, 138, 174, 3525, 85, 9145, 3, 72, 26, 52, 222, 46, 43, 32, 77, 45, 222, 25, 38, 1749, 13, 17, 13, 234, 6, 96, 70, 39, 1, 314, 62], [24383, 35112, 10378, 15310, 21689, 3558, 2704, 3412, 4366, 3675, 587, 6510, 1248, 35, 219, 1613, 482, 1231, 1255, 191, 171, 2458, 234, 34, 831, 0, 41, 40, 27, 46, 8, 59, 35, 144, 46, 1059, 6, 524, 9, 3, 33, 26, 448, 10, 33, 50, 11, 5, 72, 138], [62627, 27573, 3952, 3713, 2598, 5234, 204, 1130, 1123, 614, 6510, 1625, 12587, 8, 196, 483, 301, 15, 567, 10, 22, 78, 113, 1061, 24, 0, 11, 13, 7, 117, 15, 7, 264, 7, 9, 16, 15, 38, 9, 8, 13, 10, 8, 5, 6, 24, 9, 5, 4, 0], [33357, 6343, 3550, 7203, 3738, 2516, 23104, 1777, 536, 502, 1248, 12587, 112, 11, 339, 860, 997, 117, 1236, 230, 162, 60, 766, 201, 94, 2, 68, 106, 34, 77, 1757, 432, 34, 12, 12, 110, 22, 206, 11, 11, 17, 30, 63, 5, 22, 175, 15, 23, 3, 64], [48681, 1417, 32218, 524, 15060, 92, 14, 92, 18, 100, 35, 8, 11, 84, 3, 11, 112, 17, 7, 15, 35, 5, 9, 1647, 11, 1, 2, 1, 17, 0, 11, 0, 0, 0, 3, 6, 0, 0, 1, 2, 1, 1, 14, 0, 4, 5, 2, 1, 2, 0], [43051, 2148, 2055, 8491, 5676, 759, 14508, 202, 1653, 394, 219, 196, 339, 3, 1078, 257, 540, 497, 13, 154, 7168, 11, 27, 2, 5, 0, 4, 2, 3, 9, 126, 18, 4, 2, 5, 6, 4, 13, 2, 6, 1, 5, 3, 0, 4, 9, 16, 3, 4, 8], [32596, 3062, 15408, 3410, 5911, 4288, 3151, 3005, 604, 600, 1613, 483, 860, 11, 257, 231, 258, 152, 727, 22, 937, 47, 76, 60, 7, 2, 405, 73, 410, 12, 28, 48, 45, 441, 12, 26, 1883, 258, 13, 294, 367, 59, 79, 3241, 27, 120, 154, 486, 9, 47], [17764, 23748, 2240, 12666, 1846, 3458, 5364, 4556, 546, 1236, 482, 301, 997, 112, 540, 258, 171, 163, 190, 75, 610, 203, 153, 61, 67, 30, 90, 65, 43, 23, 45, 583, 55, 28, 50, 70, 17, 42, 21, 18, 19, 40, 37, 6, 57, 56, 34, 21, 18, 18], [13459, 13800, 1088, 8361, 9853, 439, 851, 218, 708, 755, 1231, 15, 117, 17, 497, 152, 163, 1152, 36, 1902, 1446, 304, 27, 22, 37, 0, 71, 38, 9, 18, 4, 13, 7, 11, 2041, 32, 3, 8, 4, 1, 5, 9, 6, 0, 7, 45, 3, 0, 14, 67], [18422, 1043, 3407, 1780, 2455, 7422, 347, 726, 215, 1419, 1255, 567, 1236, 7, 13, 727, 190, 36, 148, 29, 34, 20, 162, 132, 7, 0, 76, 66, 7, 17, 60, 82, 15, 12, 37, 29, 61, 1158, 2, 4, 14, 115, 23, 14, 5, 222, 6, 179, 2, 9], [7094, 3846, 205, 3947, 810, 1168, 892, 902, 21, 434, 191, 10, 230, 15, 154, 22, 75, 1902, 29, 283, 257, 39, 252, 4, 41, 0, 12, 10814, 4, 6, 4, 18, 4, 8, 121, 10, 2, 7, 0, 7, 0, 5, 4, 0, 3, 114, 3, 0, 0, 17], [12791, 1143, 977, 2449, 548, 485, 816, 311, 92, 138, 171, 22, 162, 35, 7168, 937, 610, 1446, 34, 257, 596, 67, 41, 8, 44, 0, 18, 16, 242, 43, 8, 16, 2, 655, 52, 36, 6, 10, 0, 3, 0, 5, 8, 6, 2, 7, 9, 39, 6, 36], [4948, 2691, 653, 16481, 741, 539, 244, 269, 61, 174, 2458, 78, 60, 5, 11, 47, 203, 304, 20, 39, 67, 141, 94, 8, 33, 0, 7, 6, 78, 26, 11, 5, 6, 38, 9, 12, 11, 9, 2, 0, 2, 2, 8, 1, 21, 24, 8, 1, 2, 51], [7445, 3507, 2076, 1645, 2438, 1056, 99, 1798, 27, 3525, 234, 113, 766, 9, 27, 76, 153, 27, 162, 252, 41, 94, 136, 6, 428, 2, 9, 13, 27, 15, 9, 27, 3, 77, 6, 60, 11, 79, 4, 0, 5, 12, 93, 2, 25, 13, 0, 13, 4, 19], [13829, 326, 730, 1231, 2042, 385, 1232, 147, 476, 85, 34, 1061, 201, 1647, 2, 60, 61, 22, 132, 4, 8, 8, 6, 61, 4, 2, 8, 2, 3, 410, 5, 5, 229, 3, 7, 23, 13, 6, 4, 4, 2, 34, 20, 3, 5, 11, 45, 4, 1, 0], [6710, 1679, 796, 866, 1017, 1328, 25, 639, 39, 9145, 831, 24, 94, 11, 5, 7, 67, 37, 7, 41, 44, 33, 428, 4, 223, 1, 2, 0, 25, 14, 0, 4, 1, 7, 19, 34, 4, 2, 87, 1, 2, 0, 31, 0, 62, 4, 1, 0, 33, 2], [23050, 2, 27, 5, 3, 9, 307, 1, 3, 3, 0, 0, 2, 1, 0, 2, 30, 0, 0, 0, 0, 0, 2, 2, 1, 18, 0, 0, 0, 0, 0, 0, 1, 0, 0, 2, 0, 0, 1, 578, 1, 2, 0, 0, 20, 0, 1, 0, 0, 0], [15006, 527, 396, 238, 166, 1211, 296, 2231, 275, 72, 41, 11, 68, 2, 4, 405, 90, 71, 76, 12, 18, 7, 9, 8, 2, 0, 77, 16, 2, 48, 3, 5, 7, 2, 23, 9, 4, 28, 0, 2, 0, 3, 2, 15, 3, 10, 3, 5, 2, 2], [1942, 3620, 143, 1017, 162, 1384, 10, 219, 56, 26, 40, 13, 106, 1, 2, 73, 65, 38, 66, 10814, 16, 6, 13, 2, 0, 0, 16, 97, 2, 142, 5, 34, 5, 1, 3, 5, 73, 30, 1, 1, 1, 5, 1, 0, 2, 924, 1, 0, 0, 2], [9111, 1121, 1052, 939, 1483, 813, 791, 160, 17, 52, 27, 7, 34, 17, 3, 410, 43, 9, 7, 4, 242, 78, 27, 3, 25, 0, 2, 2, 205, 3, 4, 99, 5, 27, 2, 0, 1, 1, 46, 2, 0, 2, 0, 3, 17, 10, 1, 3, 4, 8], [3304, 551, 755, 4361, 2175, 3206, 17, 156, 706, 222, 46, 117, 77, 0, 9, 12, 23, 18, 17, 6, 43, 26, 15, 410, 14, 0, 48, 142, 3, 64, 2, 13, 6, 9, 3, 18, 0, 6, 0, 3, 1, 1, 46, 0, 5, 8, 1, 1, 5, 125], [7345, 114, 112, 622, 153, 4505, 160, 194, 1437, 46, 8, 15, 1757, 11, 126, 28, 45, 4, 60, 4, 8, 11, 9, 5, 0, 0, 3, 5, 4, 2, 6, 18, 3, 1, 10, 3, 2, 1, 0, 10, 3, 1, 1, 1, 2, 2, 1, 4, 0, 1], [5538, 2123, 171, 2935, 1457, 940, 46, 785, 26, 43, 59, 7, 432, 0, 18, 48, 583, 13, 82, 18, 16, 5, 27, 5, 4, 0, 5, 34, 99, 13, 18, 15, 1, 2, 15, 8, 4, 8, 1, 0, 0, 6, 2, 2, 2, 13, 1, 0, 1, 15], [3360, 9686, 177, 354, 74, 100, 110, 100, 133, 32, 35, 264, 34, 0, 4, 45, 55, 7, 15, 4, 2, 6, 3, 229, 1, 1, 7, 5, 5, 6, 3, 1, 57, 1, 6, 1, 5, 4, 2, 19, 12, 18, 2, 1, 1, 29, 4, 2, 0, 0], [7488, 1497, 546, 1945, 253, 201, 475, 82, 14, 77, 144, 7, 12, 0, 2, 441, 28, 11, 12, 8, 655, 38, 77, 3, 7, 0, 2, 1, 27, 9, 1, 2, 1, 5, 7, 1, 3, 4, 1, 0, 2, 0, 0, 3, 29, 13, 1, 4, 2, 100], [8573, 223, 115, 294, 116, 117, 252, 233, 85, 45, 46, 9, 12, 3, 5, 12, 50, 2041, 37, 121, 52, 9, 6, 7, 19, 0, 23, 3, 2, 3, 10, 15, 6, 7, 11, 2, 4, 5, 1, 0, 7, 2, 3, 0, 4, 15, 3, 0, 0, 5], [4317, 1168, 716, 747, 681, 452, 97, 420, 251, 222, 1059, 16, 110, 6, 6, 26, 70, 32, 29, 10, 36, 12, 60, 23, 34, 2, 9, 5, 0, 18, 3, 8, 1, 1, 2, 47, 1, 48, 3, 0, 1, 6, 50, 1, 2, 3, 0, 2, 12, 0], [3869, 84, 694, 153, 81, 526, 60, 81, 2129, 25, 6, 15, 22, 0, 4, 1883, 17, 3, 61, 2, 6, 11, 11, 13, 4, 0, 4, 73, 1, 0, 2, 4, 5, 3, 4, 1, 271, 192, 0, 1, 9, 107, 0, 12, 1, 58, 3, 3, 0, 0], [2832, 651, 94, 460, 139, 2305, 133, 202, 130, 38, 524, 38, 206, 0, 13, 258, 42, 8, 1158, 7, 10, 9, 79, 6, 2, 0, 28, 30, 1, 6, 1, 8, 4, 4, 5, 48, 192, 37, 0, 0, 3, 167, 1, 12, 0, 17, 0, 187, 0, 4], [5360, 1058, 666, 270, 459, 17, 70, 69, 9, 1749, 9, 9, 11, 1, 2, 13, 21, 4, 2, 0, 0, 2, 4, 4, 87, 1, 0, 1, 46, 0, 0, 1, 2, 1, 1, 3, 0, 0, 59, 1, 0, 0, 8, 0, 3, 0, 3, 1, 0, 1], [8124, 31, 48, 34, 30, 29, 94, 27, 57, 13, 3, 8, 11, 2, 6, 294, 18, 1, 4, 7, 3, 0, 0, 4, 1, 578, 2, 1, 2, 3, 10, 0, 19, 0, 0, 0, 1, 0, 1, 55, 1, 0, 0, 30, 63, 8, 0, 154, 0, 0], [3098, 1626, 1249, 339, 411, 178, 845, 248, 32, 17, 33, 13, 17, 1, 1, 367, 19, 5, 14, 0, 0, 2, 5, 2, 2, 1, 0, 1, 0, 1, 3, 0, 12, 2, 7, 1, 9, 3, 0, 1, 41, 96, 3, 0, 0, 4, 1, 1, 1, 0], [402, 90, 90, 2939, 122, 1034, 68, 41, 276, 13, 26, 10, 30, 1, 5, 59, 40, 9, 115, 5, 5, 2, 12, 34, 0, 2, 3, 5, 2, 1, 1, 6, 18, 0, 2, 6, 107, 167, 0, 0, 96, 65, 1, 3, 0, 6, 0, 12, 0, 0], [1084, 520, 548, 679, 2269, 136, 138, 248, 15, 234, 448, 8, 63, 14, 3, 79, 37, 6, 23, 4, 8, 8, 93, 20, 31, 0, 2, 1, 0, 46, 1, 2, 2, 0, 3, 50, 0, 1, 8, 0, 3, 1, 46, 0, 1, 7, 1, 0, 76, 1], [1070, 31, 1334, 26, 114, 30, 16, 41, 9, 6, 10, 5, 5, 0, 0, 3241, 6, 0, 14, 0, 6, 1, 2, 3, 0, 0, 15, 0, 3, 0, 1, 2, 1, 3, 0, 1, 12, 12, 0, 30, 0, 3, 0, 28, 0, 5, 0, 61, 0, 3], [2168, 901, 85, 212, 385, 70, 22, 1437, 9, 96, 33, 6, 22, 4, 4, 27, 57, 7, 5, 3, 2, 21, 25, 5, 62, 20, 3, 2, 17, 5, 2, 2, 1, 29, 4, 2, 1, 0, 3, 63, 0, 0, 1, 0, 6, 42, 22, 0, 3, 6], [1016, 780, 240, 367, 172, 251, 169, 130, 157, 70, 50, 24, 175, 5, 9, 120, 56, 45, 222, 114, 7, 24, 13, 11, 4, 0, 10, 924, 10, 8, 2, 13, 29, 13, 15, 3, 58, 17, 0, 8, 4, 6, 7, 5, 42, 16, 1, 3, 0, 11], [2837, 158, 406, 329, 78, 48, 607, 142, 30, 39, 11, 9, 15, 2, 16, 154, 34, 3, 6, 3, 9, 8, 0, 45, 1, 1, 3, 1, 1, 1, 1, 1, 4, 1, 3, 0, 3, 0, 3, 0, 1, 0, 1, 0, 22, 1, 6, 7, 0, 0], [2741, 100, 224, 138, 46, 137, 230, 33, 11, 1, 5, 5, 23, 1, 3, 486, 21, 0, 179, 0, 39, 1, 13, 4, 0, 0, 5, 0, 3, 1, 4, 0, 2, 4, 0, 2, 3, 187, 1, 154, 1, 12, 0, 61, 0, 3, 7, 5, 0, 2], [881, 242, 81, 73, 2817, 25, 9, 20, 12, 314, 72, 4, 3, 2, 4, 9, 18, 14, 2, 0, 6, 2, 4, 1, 33, 0, 2, 0, 4, 5, 0, 1, 0, 2, 0, 12, 0, 0, 0, 0, 1, 0, 76, 0, 3, 0, 0, 0, 44, 3], [1031, 639, 551, 782, 203, 210, 165, 284, 11, 62, 138, 0, 64, 0, 8, 47, 18, 67, 9, 17, 36, 51, 19, 0, 2, 0, 2, 2, 8, 125, 1, 15, 0, 100, 5, 0, 0, 4, 1, 0, 0, 0, 1, 3, 6, 11, 0, 2, 3, 2]];
var nameByIndex = ["English", "Esperanto", "French", "German", "Spanish", "Russian", "Japanese", "Italian", "Turkish", "Portuguese", "Dutch", "Hebrew", "Polish", "Berber", "Finnish", "Chinese", "Hungarian", "Danish", "Ukrainian", "Norwegian (Bokm\u00e5l)", "Swedish", "Low Saxon", "Latin", "Arabic", "Interlingua", "Marathi", "Bulgarian", "Serbian", "Lojban", "Greek", "Lithuanian", "Czech", "Persian", "Klingon", "Icelandic", "Romanian", "Uyghur", "Belarusian", "Tagalog", "Hindi", "Vietnamese", "Tatar", "Catalan", "Shanghainese", "Ido", "Croatian", "Indonesian", "Cantonese", "Galician", "Cornish"];
var colors = ["#808080", "#00ffff", "#808080", "#808080", "#808080", "#808080", "#ffc0cb", "#808080", "#008000", "#808080", "#808080", "#ff0000", "#808080", "#ff0000", "#ffa500", "#000000", "#ffa500", "#808080", "#808080", "#808080", "#808080", "#808080", "#808080", "#ff0000", "#00ffff", "#808080", "#808080", "#808080", "#00ffff", "#808080", "#808080", "#808080", "#808080", "#00ffff", "#808080", "#808080", "#008000", "#808080", "#0000ff", "#808080", "#ffff00", "#008000", "#808080", "#000000", "#00ffff", "#808080", "#0000ff", "#000000", "#808080", "#808080"];
var labels = ["Indo-European", "Constructed Language", "Japonic", "Turkic", "Afro-Asiatic", "Uralic", "Sino-Tibetan", "Austronesian", "Austroasiatic"];
var colorlabels = ["#808080", "#00ffff", "#ffc0cb", "#008000", "#ff0000", "#ffa500", "#000000", "#0000ff", "#ffff00"];
var num_family = [0, 1, 2, 2, 2, 2, 2, 3, 3, 4, 4, 4, 5, 5, 5, 6, 7, 7, 7, 7, 7, 7, 7, 7, 7, 7, 7, 7, 7, 7, 7, 7, 7, 7, 7, 7, 7, 7, 7, 8, 8, 9, 9, 9, 9, 9, 9, 9, 9, 9, 9];
