var matrix = [[4872, 133035, 168466, 181128, 152229, 170253, 190528, 212225, 232212, 77241, 24892, 65061, 35526, 48706, 44850, 20304, 32824, 13628, 18618, 7103, 13022, 4993, 7513, 24562, 6880, 13910, 15246, 1956, 7421, 9194, 5870, 3334, 8225, 3423, 8634, 4327, 3924, 8624, 2841, 5383, 3102, 418, 1097, 3556, 1071, 1244, 2180, 1068, 1369, 2747], [133035, 9127, 171001, 148696, 58809, 32513, 7437, 20119, 5904, 31242, 35312, 28246, 6351, 1418, 2197, 24947, 3065, 13901, 1050, 3851, 1155, 2723, 3544, 2, 1911, 327, 527, 3625, 116, 1124, 2276, 557, 1516, 9692, 224, 1177, 84, 31, 653, 1058, 1627, 90, 523, 159, 31, 782, 904, 660, 128, 100], [168466, 171001, 1887, 74987, 38039, 68016, 32974, 48850, 6049, 19421, 10452, 3962, 3581, 32260, 2087, 2418, 15417, 1091, 3410, 207, 981, 668, 2084, 27, 808, 734, 396, 143, 113, 1058, 179, 758, 549, 179, 115, 719, 694, 48, 94, 666, 1250, 90, 554, 617, 1334, 240, 85, 564, 289, 224], [181128, 148696, 74987, 4163, 69802, 44561, 30982, 14495, 6134, 7070, 15562, 3729, 7215, 525, 8566, 14198, 3471, 8422, 1789, 3946, 2458, 16515, 1677, 6, 954, 1233, 238, 1018, 692, 951, 3086, 4367, 1962, 375, 294, 751, 153, 34, 460, 275, 339, 3024, 679, 329, 26, 562, 214, 813, 574, 138], [152229, 58809, 38039, 69802, 3160, 33467, 29055, 10598, 21596, 56555, 21733, 2600, 3755, 15435, 5776, 2101, 5953, 9861, 2462, 811, 570, 751, 2502, 3, 1036, 2062, 177, 164, 161, 1484, 1464, 2178, 259, 74, 121, 683, 82, 30, 140, 460, 419, 124, 2271, 85, 115, 175, 386, 205, 701, 47], [170253, 32513, 68016, 44561, 33467, 1105, 14093, 10135, 5652, 3750, 3589, 5288, 2542, 96, 770, 3818, 4328, 446, 7640, 1173, 516, 565, 1061, 9, 1334, 415, 1241, 1394, 5393, 823, 1521, 3211, 204, 102, 117, 452, 527, 30, 2318, 17, 179, 1054, 138, 48, 31, 255, 73, 219, 201, 138], [190528, 7437, 32974, 30982, 29055, 14093, 481, 2541, 555, 1946, 2708, 204, 23104, 14, 14938, 5397, 3152, 862, 346, 892, 816, 246, 99, 317, 25, 1232, 296, 10, 160, 791, 56, 18, 634, 110, 252, 97, 60, 97, 133, 70, 845, 68, 139, 622, 16, 209, 22, 165, 233, 230], [212225, 20119, 48850, 14495, 10598, 10135, 2541, 1180, 2246, 4244, 3473, 1132, 1780, 93, 204, 4897, 3012, 223, 737, 902, 314, 270, 1801, 1, 659, 148, 2596, 219, 196, 161, 803, 157, 82, 100, 233, 421, 81, 27, 204, 69, 248, 41, 248, 170, 41, 132, 1437, 287, 58, 33], [232212, 5904, 6049, 6134, 21596, 5652, 555, 2246, 548, 885, 4381, 1127, 577, 19, 1654, 579, 604, 708, 215, 22, 95, 67, 27, 3, 39, 483, 695, 56, 1443, 17, 31, 717, 14, 134, 85, 251, 2133, 57, 130, 9, 32, 277, 15, 30, 9, 157, 10, 11, 167, 11], [77241, 31242, 19421, 7070, 56555, 3750, 1946, 4244, 885, 1340, 3694, 617, 504, 100, 394, 1338, 600, 754, 1423, 434, 144, 175, 3710, 3, 9189, 87, 73, 26, 48, 52, 44, 222, 79, 32, 45, 222, 25, 13, 38, 1750, 17, 13, 234, 39, 6, 70, 96, 62, 50, 1], [24892, 35312, 10452, 15562, 21733, 3589, 2708, 3473, 4381, 3694, 596, 6583, 1251, 35, 220, 524, 1615, 1232, 1255, 192, 172, 2460, 234, 0, 833, 34, 41, 40, 8, 27, 61, 46, 147, 35, 46, 1063, 6, 3, 524, 9, 33, 26, 448, 11, 10, 50, 33, 138, 28, 5], [65061, 28246, 3962, 3729, 2600, 5288, 204, 1132, 1127, 617, 6583, 1630, 12587, 8, 197, 299, 500, 15, 594, 10, 24, 78, 113, 0, 24, 1063, 11, 13, 15, 7, 9, 117, 7, 264, 9, 16, 15, 7, 39, 9, 13, 10, 8, 9, 5, 24, 6, 0, 7, 5], [35526, 6351, 3581, 7215, 3755, 2542, 23104, 1780, 577, 504, 1251, 12587, 112, 11, 340, 1060, 861, 117, 1237, 230, 169, 60, 766, 2, 94, 201, 69, 106, 1757, 36, 435, 77, 13, 34, 12, 110, 22, 11, 206, 11, 17, 30, 63, 15, 5, 175, 22, 66, 53, 23], [48706, 1418, 32260, 525, 15435, 96, 14, 93, 19, 100, 35, 8, 11, 84, 3, 119, 11, 17, 7, 15, 35, 5, 9, 1, 11, 1650, 2, 1, 11, 17, 1, 1, 0, 0, 3, 6, 0, 2, 0, 1, 1, 1, 14, 2, 0, 5, 4, 0, 1, 1], [44850, 2197, 2087, 8566, 5776, 770, 14938, 204, 1654, 394, 220, 197, 340, 3, 1107, 578, 258, 503, 15, 158, 7178, 11, 27, 0, 5, 2, 4, 2, 126, 3, 21, 9, 2, 4, 5, 6, 4, 6, 13, 2, 1, 5, 3, 16, 0, 9, 4, 8, 412, 3], [20304, 24947, 2418, 14198, 2101, 3818, 5397, 4897, 579, 1338, 524, 299, 1060, 119, 578, 192, 257, 176, 210, 78, 671, 241, 157, 31, 73, 61, 96, 76, 51, 42, 618, 23, 27, 53, 50, 72, 17, 18, 47, 23, 19, 41, 43, 36, 6, 63, 62, 18, 7, 21], [32824, 3065, 15417, 3471, 5953, 4328, 3152, 3012, 604, 600, 1615, 500, 861, 11, 258, 257, 233, 152, 773, 22, 942, 47, 77, 2, 7, 60, 405, 73, 28, 410, 57, 12, 441, 45, 12, 26, 1884, 294, 260, 13, 371, 59, 79, 154, 3241, 120, 27, 47, 108, 486], [13628, 13901, 1091, 8422, 9861, 446, 862, 223, 708, 754, 1232, 15, 117, 17, 503, 176, 152, 1157, 36, 1904, 1454, 304, 27, 0, 37, 22, 71, 38, 4, 9, 16, 19, 12, 7, 2041, 32, 3, 1, 8, 4, 5, 9, 6, 3, 0, 45, 7, 70, 2, 0], [18618, 1050, 3410, 1789, 2462, 7640, 346, 737, 215, 1423, 1255, 594, 1237, 7, 15, 210, 773, 36, 149, 29, 34, 20, 164, 0, 7, 135, 77, 66, 64, 7, 83, 18, 12, 15, 37, 29, 61, 4, 1160, 2, 14, 116, 23, 6, 15, 222, 7, 9, 23, 179], [7103, 3851, 207, 3946, 811, 1173, 892, 902, 22, 434, 192, 10, 230, 15, 158, 78, 22, 1904, 29, 283, 257, 39, 252, 0, 41, 4, 12, 10813, 4, 4, 19, 6, 8, 4, 121, 10, 2, 7, 7, 0, 0, 5, 4, 3, 0, 114, 3, 17, 2, 0], [13022, 1155, 981, 2458, 570, 516, 816, 314, 95, 144, 172, 24, 169, 35, 7178, 671, 942, 1454, 34, 257, 602, 68, 42, 0, 45, 8, 18, 17, 9, 242, 17, 52, 655, 2, 52, 36, 6, 3, 10, 0, 0, 5, 8, 9, 6, 7, 2, 36, 1, 39], [4993, 2723, 668, 16515, 751, 565, 246, 270, 67, 175, 2460, 78, 60, 5, 11, 241, 47, 304, 20, 39, 68, 141, 96, 0, 33, 8, 7, 6, 11, 78, 5, 26, 39, 6, 9, 12, 11, 0, 9, 2, 2, 2, 8, 8, 1, 24, 21, 51, 6, 1], [7513, 3544, 2084, 1677, 2502, 1061, 99, 1801, 27, 3710, 234, 113, 766, 9, 27, 157, 77, 27, 164, 252, 42, 96, 138, 2, 431, 6, 9, 13, 9, 27, 28, 16, 78, 3, 6, 60, 11, 0, 79, 4, 5, 12, 93, 0, 2, 13, 25, 19, 8, 13], [24562, 2, 27, 6, 3, 9, 317, 1, 3, 3, 0, 0, 2, 1, 0, 31, 2, 0, 0, 0, 0, 0, 2, 24, 1, 2, 0, 0, 0, 0, 0, 0, 0, 1, 0, 2, 0, 625, 0, 1, 1, 2, 0, 1, 0, 0, 20, 0, 0, 0], [6880, 1911, 808, 954, 1036, 1334, 25, 659, 39, 9189, 833, 24, 94, 11, 5, 73, 7, 37, 7, 41, 45, 33, 431, 1, 226, 4, 2, 0, 0, 25, 8, 14, 7, 1, 19, 34, 4, 1, 2, 87, 2, 0, 31, 1, 0, 4, 62, 5, 1, 0], [13910, 327, 734, 1233, 2062, 415, 1232, 148, 483, 87, 34, 1063, 201, 1650, 2, 61, 60, 22, 135, 4, 8, 8, 6, 2, 4, 62, 8, 2, 5, 3, 5, 410, 3, 229, 7, 23, 14, 4, 7, 4, 2, 34, 20, 45, 3, 11, 5, 0, 92, 4], [15246, 527, 396, 238, 177, 1241, 296, 2596, 695, 73, 41, 11, 69, 2, 4, 96, 405, 71, 77, 12, 18, 7, 9, 0, 2, 8, 83, 16, 3, 2, 8, 60, 2, 7, 23, 9, 4, 2, 28, 0, 0, 3, 2, 3, 15, 10, 3, 2, 3, 5], [1956, 3625, 143, 1018, 164, 1394, 10, 219, 56, 26, 40, 13, 106, 1, 2, 76, 73, 38, 66, 10813, 17, 6, 13, 0, 0, 2, 16, 97, 5, 2, 41, 168, 1, 5, 3, 5, 73, 1, 30, 1, 1, 5, 1, 1, 0, 924, 2, 2, 1, 0], [7421, 116, 113, 692, 161, 5393, 160, 196, 1443, 48, 8, 15, 1757, 11, 126, 51, 28, 4, 64, 4, 9, 11, 9, 0, 0, 5, 3, 5, 7, 5, 20, 2, 1, 3, 10, 3, 2, 10, 1, 0, 3, 1, 1, 1, 1, 2, 2, 1, 3, 4], [9194, 1124, 1058, 951, 1484, 823, 791, 161, 17, 52, 27, 7, 36, 17, 3, 42, 410, 9, 7, 4, 242, 78, 27, 0, 25, 3, 2, 2, 5, 206, 100, 3, 27, 5, 2, 0, 1, 2, 1, 46, 0, 2, 0, 1, 3, 10, 17, 9, 2, 3], [5870, 2276, 179, 3086, 1464, 1521, 56, 803, 31, 44, 61, 9, 435, 1, 21, 618, 57, 16, 83, 19, 17, 5, 28, 0, 8, 5, 8, 41, 20, 100, 20, 13, 2, 2, 15, 8, 4, 0, 8, 1, 0, 6, 2, 1, 2, 13, 2, 16, 5, 0], [3334, 557, 758, 4367, 2178, 3211, 18, 157, 717, 222, 46, 117, 77, 1, 9, 23, 12, 19, 18, 6, 52, 26, 16, 0, 14, 410, 60, 168, 2, 3, 13, 64, 10, 6, 3, 18, 0, 3, 7, 0, 1, 1, 47, 1, 0, 8, 5, 129, 0, 1], [8225, 1516, 549, 1962, 259, 204, 634, 82, 14, 79, 147, 7, 13, 0, 2, 27, 441, 12, 12, 8, 655, 39, 78, 0, 7, 3, 2, 1, 1, 27, 2, 10, 5, 1, 7, 1, 3, 0, 4, 1, 2, 0, 0, 1, 3, 13, 29, 101, 2, 5], [3423, 9692, 179, 375, 74, 102, 110, 100, 134, 32, 35, 264, 34, 0, 4, 53, 45, 7, 15, 4, 2, 6, 3, 1, 1, 229, 7, 5, 3, 5, 2, 6, 1, 57, 6, 1, 5, 19, 5, 2, 12, 18, 2, 4, 1, 29, 1, 0, 2, 2], [8634, 224, 115, 294, 121, 117, 252, 233, 85, 45, 46, 9, 12, 3, 5, 50, 12, 2041, 37, 121, 52, 9, 6, 0, 19, 7, 23, 3, 10, 2, 15, 3, 7, 6, 11, 2, 4, 0, 5, 1, 7, 2, 3, 3, 0, 15, 4, 5, 2, 0], [4327, 1177, 719, 751, 683, 452, 97, 421, 251, 222, 1063, 16, 110, 6, 6, 72, 26, 32, 29, 10, 36, 12, 60, 2, 34, 23, 9, 5, 3, 0, 8, 18, 1, 1, 2, 47, 1, 0, 48, 3, 1, 6, 50, 0, 1, 3, 2, 0, 12, 2], [3924, 84, 694, 153, 82, 527, 60, 81, 2133, 25, 6, 15, 22, 0, 4, 17, 1884, 3, 61, 2, 6, 11, 11, 0, 4, 14, 4, 73, 2, 1, 4, 0, 3, 5, 4, 1, 271, 1, 192, 0, 9, 107, 0, 3, 12, 58, 1, 0, 13, 3], [8624, 31, 48, 34, 30, 30, 97, 27, 57, 13, 3, 7, 11, 2, 6, 18, 294, 1, 4, 7, 3, 0, 0, 625, 1, 4, 2, 1, 10, 2, 0, 3, 0, 19, 0, 0, 1, 57, 0, 1, 1, 0, 0, 0, 30, 8, 63, 0, 5, 154], [2841, 653, 94, 460, 140, 2318, 133, 204, 130, 38, 524, 39, 206, 0, 13, 47, 260, 8, 1160, 7, 10, 9, 79, 0, 2, 7, 28, 30, 1, 1, 8, 7, 4, 5, 5, 48, 192, 0, 37, 0, 3, 168, 1, 0, 12, 17, 0, 4, 6, 202], [5383, 1058, 666, 275, 460, 17, 70, 69, 9, 1750, 9, 9, 11, 1, 2, 23, 13, 4, 2, 0, 0, 2, 4, 1, 87, 4, 0, 1, 0, 46, 1, 0, 1, 2, 1, 3, 0, 1, 0, 59, 0, 0, 8, 3, 0, 0, 3, 1, 2, 1], [3102, 1627, 1250, 339, 419, 179, 845, 248, 32, 17, 33, 13, 17, 1, 1, 19, 371, 5, 14, 0, 0, 2, 5, 1, 2, 2, 0, 1, 3, 0, 0, 1, 2, 12, 7, 1, 9, 1, 3, 0, 41, 99, 3, 1, 0, 4, 0, 0, 31, 1], [418, 90, 90, 3024, 124, 1054, 68, 41, 277, 13, 26, 10, 30, 1, 5, 41, 59, 9, 116, 5, 5, 2, 12, 2, 0, 34, 3, 5, 1, 2, 6, 1, 0, 18, 2, 6, 107, 0, 168, 0, 99, 73, 1, 0, 3, 6, 0, 0, 5, 12], [1097, 523, 554, 679, 2271, 138, 139, 248, 15, 234, 448, 8, 63, 14, 3, 43, 79, 6, 23, 4, 8, 8, 93, 0, 31, 20, 2, 1, 1, 0, 2, 47, 0, 2, 3, 50, 0, 0, 1, 8, 3, 1, 47, 1, 0, 7, 1, 1, 5, 0], [3556, 159, 617, 329, 85, 48, 622, 170, 30, 39, 11, 9, 15, 2, 16, 36, 154, 3, 6, 3, 9, 8, 0, 1, 1, 45, 3, 1, 1, 1, 1, 1, 1, 4, 3, 0, 3, 0, 0, 3, 1, 0, 1, 7, 0, 1, 22, 0, 3, 7], [1071, 31, 1334, 26, 115, 31, 16, 41, 9, 6, 10, 5, 5, 0, 0, 6, 3241, 0, 15, 0, 6, 1, 2, 0, 0, 3, 15, 0, 1, 3, 2, 0, 3, 1, 0, 1, 12, 30, 12, 0, 0, 3, 0, 0, 28, 5, 0, 3, 4, 61], [1244, 782, 240, 562, 175, 255, 209, 132, 157, 70, 50, 24, 175, 5, 9, 63, 120, 45, 222, 114, 7, 24, 13, 0, 4, 11, 10, 924, 2, 10, 13, 8, 13, 29, 15, 3, 58, 8, 17, 0, 4, 6, 7, 1, 5, 19, 42, 11, 9, 3], [2180, 904, 85, 214, 386, 73, 22, 1437, 10, 96, 33, 6, 22, 4, 4, 62, 27, 7, 7, 3, 2, 21, 25, 20, 62, 5, 3, 2, 2, 17, 2, 5, 29, 1, 4, 2, 1, 63, 0, 3, 0, 0, 1, 22, 0, 42, 6, 6, 1, 0], [1068, 660, 564, 813, 205, 219, 165, 287, 11, 62, 138, 0, 66, 0, 8, 18, 47, 70, 9, 17, 36, 51, 19, 0, 5, 0, 2, 2, 1, 9, 16, 129, 101, 0, 5, 0, 0, 0, 4, 1, 0, 0, 1, 0, 3, 11, 6, 93, 0, 2], [1369, 128, 289, 574, 701, 201, 233, 58, 167, 50, 28, 7, 53, 1, 412, 7, 108, 2, 23, 2, 1, 6, 8, 0, 1, 92, 3, 1, 3, 2, 5, 0, 2, 2, 2, 12, 13, 5, 6, 2, 31, 5, 5, 3, 4, 9, 1, 0, 59, 112], [2747, 100, 224, 138, 47, 138, 230, 33, 11, 1, 5, 5, 23, 1, 3, 21, 486, 0, 179, 0, 39, 1, 13, 0, 0, 4, 5, 0, 4, 3, 0, 1, 5, 2, 0, 2, 3, 154, 202, 1, 1, 12, 0, 7, 61, 3, 0, 2, 112, 5]];
var nameByIndex = ["English", "Esperanto", "French", "German", "Spanish", "Russian", "Japanese", "Italian", "Turkish", "Portuguese", "Dutch", "Hebrew", "Polish", "Berber", "Finnish", "Hungarian", "Chinese", "Danish", "Ukrainian", "Norwegian (Bokm\u00e5l)", "Swedish", "Low Saxon", "Latin", "Marathi", "Interlingua", "Arabic", "Bulgarian", "Serbian", "Lithuanian", "Lojban", "Czech", "Greek", "Klingon", "Persian", "Icelandic", "Romanian", "Uyghur", "Hindi", "Belarusian", "Tagalog", "Vietnamese", "Tatar", "Catalan", "Indonesian", "Shanghainese", "Croatian", "Ido", "Cornish", "Korean", "Cantonese"];
var colors = ["#808080", "#00ffff", "#808080", "#808080", "#808080", "#808080", "#ffc0cb", "#808080", "#008000", "#808080", "#808080", "#ff0000", "#808080", "#ff0000", "#ffa500", "#ffa500", "#000000", "#808080", "#808080", "#808080", "#808080", "#808080", "#808080", "#808080", "#00ffff", "#ff0000", "#808080", "#808080", "#808080", "#00ffff", "#808080", "#808080", "#00ffff", "#808080", "#808080", "#808080", "#008000", "#808080", "#808080", "#0000ff", "#ffff00", "#008000", "#808080", "#0000ff", "#000000", "#808080", "#00ffff", "#808080", "#663300", "#000000"];
var labels = ["Indo-European", "Constructed Language", "Japonic", "Turkic", "Afro-Asiatic", "Uralic", "Sino-Tibetan", "Austronesian", "Austroasiatic", "Koreanic"];
var colorlabels = ["#808080", "#00ffff", "#ffc0cb", "#008000", "#ff0000", "#ffa500", "#000000", "#0000ff", "#ffff00", "#663300"];
var num_family = [0, 1, 2, 2, 2, 2, 2, 3, 3, 4, 4, 4, 5, 5, 5, 6, 6, 7, 7, 7, 7, 7, 7, 7, 7, 7, 7, 7, 7, 7, 7, 7, 7, 7, 7, 7, 7, 7, 7, 7, 8, 9, 9, 9, 9, 9, 9, 9, 9, 10, 10];
